0.0
3.0
18.0
9.0
0.0
26.0
101.0
72.0
51.0
21.0
123.0
199.0
120.0
294.0
193.0
351.0
139.0
189.0
354.0
366.0
452.0
541.0
200.0
324.0
332.0
200.0
200.0
475.0
477.0
491.0
438.0
558.0
445.0
147.0
402.0
406.0
359.0
418.0
446.0
475.0
344.0
461.0
145.0
498.0
200.0
493.0
557.0
408.0
570.0
200.0
468.0
268.0
557.0
374.0
596.0
587.0
200.0
144.0
372.0
305.0
555.0
427.0
466.0
449.0
583.0
456.0
372.0
464.0
339.0
411.0
481.0
200.0
544.0
438.0
404.0
489.0
388.0
489.0
543.0
621.0
458.0
580.0
200.0
494.0
340.0
471.0
449.0
392.0
410.0
494.0
495.0
609.0
452.0
412.0
430.0
457.0
585.0
629.0
585.0
396.0
417.0
436.0
0.0
585.0
461.0
577.0
497.0
542.0
456.0
493.0
473.0
440.0
474.0
561.0
431.0
166.0
437.0
200.0
560.0
555.0
481.0
564.0
450.0
558.0
469.0
491.0
472.0
434.0
577.0
421.0
552.0
388.0
486.0
550.0
462.0
526.0
471.0
354.0
608.0
482.0
549.0
449.0
416.0
475.0
419.0
561.0
452.0
200.0
571.0
494.0
200.0
455.0
441.0
435.0
431.0
411.0
541.0
534.0
410.0
584.0
200.0
140.0
598.0
582.0
432.0
336.0
200.0
460.0
578.0
527.0
482.0
406.0
589.0
559.0
455.0
634.0
589.0
418.0
157.0
495.0
200.0
193.0
554.0
425.0
464.0
557.0
541.0
302.0
455.0
575.0
597.0
200.0
566.0
408.0
200.0
362.0
587.0
380.0
200.0
371.0
559.0
460.0
429.0
423.0
442.0
306.0
436.0
537.0
401.0
134.0
200.0
553.0
524.0
386.0
385.0
538.0
263.0
382.0
442.0
491.0
580.0
486.0
441.0
187.0
428.0
616.0
441.0
390.0
451.0
537.0
437.0
578.0
149.0
560.0
142.0
400.0
446.0
200.0
588.0
475.0
547.0
423.0
549.0
166.0
467.0
452.0
469.0
200.0
552.0
479.0
419.0
483.0
472.0
200.0
595.0
315.0
566.0
349.0
460.0
437.0
546.0
389.0
571.0
184.0
487.0
478.0
488.0
431.0
469.0
456.0
584.0
194.0
0.0
139.0
456.0
168.0
495.0
0.0
153.0
462.0
425.0
462.0
440.0
447.0
126.0
444.0
556.0
576.0
360.0
467.0
472.0
446.0
169.0
452.0
491.0
